richness	SRR6834172	SRR6834173	SRR6834174	SRR6834175	SRR6834176	SRR6834177	SRR6834178	SRR6834179	SRR6834180	SRR6834181	SRR6834182	SRR6834183	SRR6834184	SRR6834185	SRR6834186	SRR6834187	SRR6834188	SRR6834189
1	2.00	1.000	2.00	3.00	1.000	2.00	2.00	2.00	3.00	2.00	2.00	2.00	1.000	2.00	2.00	2.00	2.00	4.00
2	2.00	2.00	2.00	5.00	1.000	3.00	3.00	5.00	3.00	3.00	3.00	3.00	1.000	2.00	2.00	3.00	4.00	4.00
3	2.00	3.00	2.00	5.00	2.00	3.00	4.00	6.00	3.00	3.00	4.00	4.00	2.00	2.00	3.00	3.00	4.00	4.00
4	2.00	4.00	3.00	5.00	2.00	4.00	5.00	7.00	4.00	4.00	4.00	5.00	2.00	2.00	3.00	3.00	4.00	4.00
5	2.00	4.00	2.00	6.00	2.00	5.00	4.00	6.00	5.00	5.00	4.00	5.00	2.00	3.00	3.00	3.00	6.00	4.00
6	2.00	4.00	3.00	6.00	2.00	5.00	5.00	7.00	4.00	4.00	5.00	5.00	2.00	3.00	3.00	3.00	6.00	4.00
7	2.00	4.00	3.00	6.00	2.00	5.00	6.00	7.00	6.00	5.00	5.00	6.00	2.00	3.00	3.00	3.00	6.00	4.00
8	2.00	4.00	3.00	6.00	2.00	5.00	5.00	7.00	6.00	5.00	5.00	6.00	2.00	3.00	3.00	3.00	6.00	4.00
9	2.00	4.00	3.00	6.00	2.00	5.00	6.00	7.00	7.00	5.00	5.00	6.00	2.00	4.00	3.00	3.00	6.00	4.00
10	2.00	4.00	3.00	6.00	2.00	5.00	6.00	7.00	6.00	5.00	5.00	6.00	2.00	4.00	4.00	3.00	6.00	4.00
11	2.00	4.00	3.00	6.00	2.00	5.00	6.00	7.00	7.00	5.00	5.00	6.00	2.00	4.00	5.00	3.00	6.00	4.00
12	2.00	6.00	3.00	6.00	2.00	5.00	6.00	7.00	6.00	5.00	5.00	6.00	2.00	3.00	4.00	4.00	6.00	4.00
13	2.00	5.00	4.00	6.00	2.00	5.00	6.00	7.00	7.00	5.00	5.00	6.00	2.00	3.00	4.00	4.00	6.00	4.00
14	3.00	4.00	5.00	6.00	2.00	5.00	6.00	7.00	7.00	5.00	5.00	6.00	2.00	3.00	4.00	4.00	6.00	4.00
15	2.00	6.00	4.00	6.00	2.00	5.00	6.00	7.00	7.00	5.00	5.00	6.00	2.00	4.00	4.00	4.00	6.00	4.00
16	2.00	6.00	4.00	6.00	2.00	5.00	6.00	8.00	7.00	5.00	5.00	6.00	2.00	4.00	5.00	4.00	6.00	4.00
17	2.00	5.00	5.00	6.00	2.00	5.00	6.00	8.00	7.00	5.00	5.00	6.00	2.00	3.00	4.00	4.00	6.00	4.00
18	2.00	5.00	4.00	6.00	2.00	5.00	6.00	8.00	7.00	5.00	5.00	6.00	2.00	4.00	5.00	4.00	6.00	4.00
19	2.00	6.00	5.00	6.00	4.00	5.00	6.00	8.00	7.00	5.00	5.00	6.00	2.00	4.00	5.00	4.00	6.00	4.00
20	4.00	6.00	5.00	7.00	2.00	5.00	6.00	8.00	7.00	5.00	5.00	6.00	2.00	4.00	4.00	4.00	6.00	4.00
21	3.00	6.00	5.00	6.00	3.00	5.00	6.00	8.00	7.00	5.00	5.00	6.00	2.00	4.00	5.00	4.00	6.00	4.00
22	3.00	6.00	4.00	7.00	3.00	5.00	6.00	8.00	7.00	5.00	5.00	6.00	2.00	4.00	5.00	4.00	6.00	4.00
23	3.00	6.00	6.00	7.00	3.00	5.00	6.00	8.00	7.00	5.00	5.00	6.00	2.00	4.00	5.00	5.00	6.00	4.00
24	2.00	6.00	5.00	6.00	3.00	5.00	6.00	7.00	7.00	5.00	5.00	6.00	2.00	4.00	5.00	5.00	7.00	4.00
25	4.00	6.00	5.00	6.00	2.00	5.00	6.00	8.00	7.00	5.00	5.00	6.00	2.00	4.00	4.00	5.00	7.00	4.00
26	4.00	6.00	6.00	6.00	4.00	5.00	6.00	8.00	7.00	5.00	5.00	6.00	2.00	4.00	5.00	5.00	6.00	4.00
27	3.00	6.00	5.00	7.00	4.00	5.00	6.00	8.00	7.00	5.00	5.00	6.00	2.00	4.00	6.00	4.00	7.00	4.00
28	4.00	6.00	6.00	6.00	3.00	5.00	6.00	8.00	7.00	5.00	5.00	6.00	2.00	4.00	5.00	5.00	6.00	4.00
29	3.00	6.00	6.00	7.00	2.00	5.00	6.00	8.00	7.00	5.00	5.00	6.00	2.00	4.00	5.00	5.00	6.00	4.00
30	4.00	6.00	6.00	7.00	4.00	5.00	6.00	8.00	7.00	5.00	5.00	6.00	2.00	4.00	5.00	4.00	7.00	4.00
31	4.00	6.00	5.00	7.00	4.00	5.00	6.00	8.00	7.00	5.00	5.00	6.00	2.00	4.00	5.00	5.00	7.00	4.00
32	4.00	6.00	6.00	7.00	3.00	5.00	6.00	8.00	7.00	5.00	5.00	6.00	2.00	4.00	5.00	4.00	7.00	4.00
33	4.00	6.00	6.00	7.00	4.00	5.00	6.00	8.00	7.00	5.00	5.00	6.00	2.00	4.00	5.00	5.00	7.00	4.00
34	4.00	6.00	6.00	7.00	4.00	5.00	6.00	8.00	7.00	5.00	5.00	6.00	2.00	4.00	5.00	5.00	7.00	4.00
35	4.00	6.00	6.00	7.00	4.00	5.00	6.00	8.00	7.00	5.00	5.00	6.00	2.00	4.00	5.00	5.00	7.00	4.00
36	4.00	6.00	6.00	7.00	4.00	5.00	6.00	8.00	7.00	5.00	5.00	6.00	2.00	4.00	5.00	5.00	7.00	4.00
37	4.00	6.00	6.00	7.00	4.00	5.00	6.00	8.00	7.00	5.00	5.00	6.00	2.00	4.00	5.00	5.00	7.00	4.00
38	4.00	6.00	6.00	7.00	3.00	5.00	6.00	8.00	7.00	6.00	6.00	6.00	3.00	4.00	5.00	5.00	7.00	4.00
39	4.00	6.00	6.00	7.00	4.00	5.00	6.00	8.00	7.00	5.00	5.00	7.00	2.00	4.00	6.00	5.00	7.00	4.00
40	4.00	6.00	6.00	7.00	4.00	5.00	6.00	8.00	7.00	5.00	5.00	6.00	2.00	4.00	5.00	5.00	7.00	4.00
41	4.00	6.00	6.00	7.00	4.00	5.00	7.00	8.00	7.00	5.00	5.00	6.00	2.00	4.00	5.00	5.00	7.00	4.00
42	4.00	6.00	6.00	7.00	4.00	5.00	6.00	8.00	7.00	5.00	5.00	6.00	2.00	4.00	5.00	5.00	7.00	4.00
43	4.00	6.00	6.00	7.00	4.00	5.00	6.00	8.00	7.00	6.00	5.00	6.00	2.00	4.00	5.00	5.00	7.00	4.00
44	4.00	6.00	6.00	7.00	4.00	5.00	6.00	8.00	7.00	6.00	5.00	7.00	2.00	4.00	5.00	5.00	7.00	4.00
45	4.00	6.00	6.00	7.00	4.00	5.00	7.00	8.00	7.00	5.00	5.00	7.00	2.00	4.00	5.00	5.00	7.00	4.00
46	4.00	6.00	6.00	7.00	4.00	5.00	6.00	8.00	7.00	5.00	5.00	7.00	2.00	4.00	5.00	5.00	7.00	4.00
47	4.00	6.00	6.00	7.00	4.00	5.00	6.00	8.00	7.00	5.00	6.00	6.00	3.00	4.00	5.00	5.00	7.00	4.00
48	4.00	6.00	6.00	7.00	4.00	5.00	7.00	8.00	7.00	5.00	5.00	7.00	2.00	4.00	6.00	5.00	7.00	4.00
49	4.00	6.00	6.00	7.00	4.00	5.00	7.00	8.00	7.00	6.00	6.00	7.00	2.00	4.00	5.00	5.00	7.00	4.00
50	4.00	6.00	6.00	7.00	4.00	5.00	7.00	8.00	7.00	5.00	5.00	6.00	2.00	4.00	5.00	5.00	7.00	4.00
51	4.00	6.00	6.00	7.00	4.00	6.00	7.00	8.00	7.00	6.00	6.00	6.00	2.00	4.00	6.00	5.00	7.00	4.00
52	4.00	6.00	6.00	7.00	4.00	6.00	7.00	8.00	7.00	5.00	5.00	7.00	3.00	4.00	5.00	5.00	7.00	4.00
53	4.00	6.00	6.00	7.00	4.00	6.00	7.00	8.00	7.00	6.00	6.00	7.00	3.00	4.00	6.00	5.00	7.00	4.00
54	4.00	6.00	6.00	7.00	4.00	6.00	7.00	8.00	7.00	6.00	5.00	7.00	2.00	4.00	6.00	5.00	7.00	4.00
55	4.00	6.00	6.00	7.00	4.00	6.00	7.00	8.00	7.00	6.00	6.00	6.00	3.00	4.00	6.00	5.00	7.00	4.00
56	4.00	6.00	6.00	7.00	4.00	6.00	6.00	8.00	7.00	6.00	6.00	7.00	2.00	4.00	5.00	5.00	7.00	4.00
57	4.00	6.00	6.00	7.00	4.00	6.00	7.00	8.00	7.00	6.00	6.00	6.00	2.00	4.00	6.00	5.00	7.00	4.00
58	4.00	6.00	6.00	7.00	4.00	6.00	7.00	8.00	7.00	6.00	6.00	7.00	3.00	4.00	6.00	5.00	7.00	4.00
59	4.00	6.00	6.00	7.00	4.00	6.00	7.00	8.00	7.00	6.00	6.00	7.00	3.00	4.00	5.00	5.00	7.00	4.00
60	4.00	6.00	6.00	7.00	4.00	5.00	7.00	8.00	7.00	6.00	6.00	7.00	3.00	4.00	6.00	5.00	7.00	4.00
61	4.00	6.00	6.00	7.00	4.00	6.00	7.00	8.00	7.00	6.00	6.00	7.00	3.00	4.00	6.00	5.00	7.00	4.00
62	4.00	6.00	6.00	7.00	4.00	6.00	7.00	8.00	7.00	6.00	6.00	7.00	3.00	4.00	6.00	5.00	7.00	4.00
63	4.00	6.00	6.00	7.00	4.00	6.00	6.00	8.00	7.00	6.00	6.00	7.00	3.00	4.00	5.00	5.00	7.00	4.00
64	4.00	6.00	6.00	7.00	4.00	6.00	7.00	8.00	7.00	6.00	6.00	7.00	3.00	4.00	6.00	5.00	7.00	4.00
65	4.00	6.00	6.00	7.00	4.00	5.00	7.00	8.00	7.00	6.00	6.00	7.00	3.00	4.00	6.00	5.00	7.00	4.00
66	4.00	6.00	6.00	7.00	4.00	6.00	7.00	8.00	7.00	6.00	6.00	7.00	3.00	4.00	6.00	5.00	7.00	4.00
67	4.00	6.00	6.00	7.00	4.00	6.00	7.00	8.00	7.00	6.00	5.00	7.00	3.00	4.00	6.00	5.00	7.00	4.00
68	4.00	6.00	6.00	7.00	4.00	6.00	7.00	8.00	7.00	6.00	6.00	7.00	3.00	4.00	6.00	5.00	7.00	4.00
69	4.00	6.00	6.00	7.00	4.00	6.00	7.00	8.00	7.00	6.00	6.00	7.00	3.00	4.00	6.00	5.00	7.00	4.00
70	4.00	6.00	6.00	7.00	4.00	6.00	7.00	8.00	7.00	6.00	6.00	7.00	3.00	4.00	6.00	5.00	7.00	4.00
71	4.00	6.00	6.00	7.00	4.00	6.00	7.00	8.00	7.00	6.00	6.00	7.00	3.00	4.00	6.00	5.00	7.00	4.00
72	4.00	6.00	6.00	7.00	4.00	6.00	7.00	8.00	7.00	6.00	6.00	7.00	3.00	4.00	6.00	5.00	7.00	4.00
73	4.00	6.00	6.00	7.00	4.00	6.00	7.00	8.00	7.00	6.00	6.00	7.00	3.00	4.00	6.00	5.00	7.00	4.00
74	4.00	6.00	6.00	7.00	4.00	6.00	7.00	8.00	7.00	6.00	6.00	7.00	3.00	4.00	6.00	5.00	7.00	4.00
75	4.00	6.00	6.00	7.00	4.00	6.00	7.00	8.00	7.00	5.00	6.00	7.00	3.00	4.00	6.00	5.00	7.00	4.00
76	4.00	6.00	6.00	7.00	4.00	6.00	7.00	8.00	7.00	6.00	6.00	6.00	3.00	4.00	6.00	5.00	7.00	4.00
77	4.00	6.00	6.00	7.00	4.00	6.00	7.00	8.00	7.00	6.00	5.00	7.00	3.00	4.00	6.00	5.00	7.00	4.00
78	4.00	6.00	6.00	7.00	4.00	6.00	7.00	8.00	7.00	6.00	6.00	7.00	3.00	4.00	6.00	5.00	7.00	4.00
79	4.00	6.00	6.00	7.00	4.00	6.00	7.00	8.00	7.00	6.00	6.00	7.00	3.00	4.00	6.00	5.00	7.00	4.00
80	4.00	6.00	6.00	7.00	4.00	6.00	7.00	8.00	7.00	6.00	6.00	7.00	3.00	4.00	6.00	5.00	7.00	4.00
81	4.00	6.00	6.00	7.00	4.00	6.00	7.00	8.00	7.00	6.00	6.00	7.00	3.00	4.00	6.00	5.00	7.00	4.00
82	4.00	6.00	6.00	7.00	4.00	6.00	7.00	8.00	7.00	6.00	6.00	7.00	3.00	4.00	6.00	5.00	7.00	4.00
83	4.00	6.00	6.00	7.00	4.00	6.00	7.00	8.00	7.00	6.00	6.00	7.00	3.00	4.00	6.00	5.00	7.00	4.00
84	4.00	6.00	6.00	7.00	4.00	6.00	7.00	8.00	7.00	6.00	6.00	7.00	3.00	4.00	6.00	5.00	7.00	4.00
85	4.00	6.00	6.00	7.00	4.00	6.00	7.00	8.00	7.00	6.00	6.00	7.00	3.00	4.00	6.00	5.00	7.00	4.00
86	4.00	6.00	6.00	7.00	4.00	6.00	7.00	8.00	7.00	6.00	6.00	7.00	3.00	4.00	6.00	5.00	7.00	4.00
87	4.00	6.00	6.00	7.00	4.00	6.00	7.00	8.00	7.00	6.00	6.00	7.00	3.00	4.00	6.00	5.00	7.00	4.00
88	4.00	6.00	6.00	7.00	4.00	6.00	7.00	8.00	7.00	6.00	6.00	7.00	3.00	4.00	6.00	5.00	7.00	4.00
89	4.00	6.00	6.00	7.00	4.00	6.00	7.00	8.00	7.00	6.00	6.00	7.00	3.00	4.00	6.00	5.00	7.00	4.00
90	4.00	6.00	6.00	7.00	4.00	6.00	7.00	8.00	7.00	6.00	6.00	7.00	3.00	4.00	6.00	5.00	7.00	4.00
91	4.00	6.00	6.00	7.00	4.00	6.00	7.00	8.00	7.00	6.00	6.00	7.00	3.00	4.00	6.00	5.00	7.00	4.00
92	4.00	6.00	6.00	7.00	4.00	6.00	7.00	8.00	7.00	6.00	6.00	7.00	3.00	4.00	6.00	5.00	7.00	4.00
93	4.00	6.00	6.00	7.00	4.00	6.00	7.00	8.00	7.00	6.00	6.00	7.00	3.00	4.00	6.00	5.00	7.00	4.00
94	4.00	6.00	6.00	7.00	4.00	6.00	7.00	8.00	7.00	6.00	6.00	7.00	3.00	4.00	6.00	5.00	7.00	4.00
95	4.00	6.00	6.00	7.00	4.00	6.00	7.00	8.00	7.00	6.00	6.00	7.00	3.00	4.00	6.00	5.00	7.00	4.00
96	4.00	6.00	6.00	7.00	4.00	6.00	7.00	8.00	7.00	6.00	6.00	7.00	3.00	4.00	6.00	5.00	7.00	4.00
97	4.00	6.00	6.00	7.00	4.00	6.00	7.00	8.00	7.00	6.00	6.00	7.00	3.00	4.00	6.00	5.00	7.00	4.00
98	4.00	6.00	6.00	7.00	4.00	6.00	7.00	8.00	7.00	6.00	6.00	7.00	3.00	4.00	6.00	5.00	7.00	4.00
99	4.00	6.00	6.00	7.00	4.00	6.00	7.00	8.00	7.00	6.00	6.00	7.00	3.00	4.00	6.00	5.00	7.00	4.00
100	4.00	6.00	6.00	7.00	4.00	6.00	7.00	8.00	7.00	6.00	6.00	7.00	3.00	4.00	6.00	5.00	7.00	4.00
